-42.742 15.189 48.908
-43.075 13.264 49.585
-43.561 11.754 49.842
-44.252 9.567 50.209
-44.901 7.922 50.308
-45.393 6.073 50.654
-45.923 4.157 50.953
-46.478 2.173 51.213
-46.966 0.287 51.457
-47.343 -1.127 51.578
-47.551 -2.788 51.924
-43.202 15.093 48.431
-43.831 13.542 48.565
-44.431 11.495 48.982
-45.273 9.792 48.907
-45.829 8.094 49.142
-46.318 6.273 49.481
-46.834 4.381 49.777
-47.364 2.441 50.037
-47.924 0.454 50.218
-48.169 -0.587 50.351
-48.438 -2.216 50.654
-44.180 15.507 46.993
-44.646 13.867 47.378
-45.595 11.064 47.807
-45.787 10.216 48.045
-46.246 8.214 48.574
-47.198 6.474 48.287
-47.274 4.493 49.188
-47.918 3.282 48.951
-48.060 1.188 49.730
-48.677 -0.455 49.650
-49.007 -2.418 50.001
-44.477 15.786 46.429
-45.355 13.818 46.485
-45.948 11.459 47.121
-46.671 9.675 47.217
-47.334 7.871 47.365
-47.938 5.975 47.576
-48.117 4.705 47.997
-48.934 3.233 47.617
-49.513 0.932 47.922
-49.168 -0.296 48.937
-49.915 -1.902 48.608
-45.872 15.620 44.638
-46.132 13.769 45.461
-46.922 12.110 45.405
-47.287 9.859 46.282
-47.997 8.026 46.369
-48.268 6.740 46.722
-49.136 4.637 46.625
-49.509 2.717 47.068
-49.847 1.286 47.295
-50.240 -0.783 47.685
-50.473 -2.268 47.978
-51.093 -3.740 47.647
-46.550 15.314 43.858
-47.043 14.012 43.999
-47.584 11.722 44.700
-48.103 10.024 45.033
-48.731 8.334 45.123
-49.012 7.018 45.485
-49.563 4.763 45.940
-50.388 3.165 45.564
-50.413 0.859 46.687
-51.158 -0.759 46.338
-51.275 -2.121 46.743
-51.583 -3.912 46.972
-47.351 15.624 42.409
-47.659 13.786 43.207
-48.502 11.728 43.307
-48.849 10.164 43.804
-49.252 8.667 44.124
-49.974 7.075 43.948
-50.457 4.919 44.453
-50.781 3.118 44.974
-51.307 1.182 45.159
-51.901 -0.690 45.137
-52.086 -2.054 45.443
-52.282 -3.750 45.816
-47.668 15.900 41.696
-48.642 13.442 41.867
-49.002 12.132 42.205
-49.577 10.388 42.472
-50.181 8.635 42.631
-50.370 7.338 43.147
-51.015 5.012 43.465
-51.717 3.223 43.357
-52.179 1.180 43.714
-52.211 -0.009 44.273
-52.567 -2.215 44.717
-52.759 -3.827 45.051
-48.516 15.932 40.218
-49.353 13.844 40.311
-49.661 12.418 40.840
-50.248 10.587 41.150
-50.642 8.594 41.853
-51.183 6.950 41.989
-51.673 5.029 42.317
-52.271 2.682 42.705
-52.613 1.104 42.986
-53.058 -0.070 42.804
-53.297 -1.844 43.251
-53.481 -3.419 43.632
-49.347 15.830 38.741
-49.853 13.546 39.598
-50.312 11.915 40.019
-50.840 10.198 40.330
-51.560 8.410 40.260
-52.033 6.632 40.610
-52.639 4.841 40.634
-52.762 3.472 41.296
-53.117 1.794 41.663
-53.544 -0.307 42.018
-53.729 -1.835 42.439
-54.393 -3.585 41.969
-49.876 16.055 37.474
-50.407 14.204 37.935
-51.036 11.749 38.678
-51.411 10.363 39.046
-51.850 8.913 39.296
-52.558 6.713 39.494
-52.902 5.166 39.877
-53.557 3.249 39.823
-53.948 1.457 40.173
-54.245 -0.053 40.452
-54.510 -1.751 40.834
-54.765 -3.473 41.168
-50.268 16.350 36.353
-50.984 14.260 36.591
-51.483 12.402 37.115
-52.190 10.067 37.561
-52.676 8.420 37.841
-53.006 7.055 38.230
-53.670 4.861 38.415
-53.914 3.180 39.102
-54.544 1.506 38.807
-54.606 0.013 39.625
-55.248 -1.650 39.150
-55.511 -3.429 39.519
-50.867 16.014 35.228
-51.604 14.213 35.089
-52.100 12.324 35.657
-52.691 10.179 36.236
-53.021 8.427 36.985
-53.584 6.688 37.135
-53.883 5.129 37.692
-54.566 3.017 37.676
-55.021 1.743 37.478
-55.295 0.110 37.942
-55.597 -1.586 38.286
-55.882 -3.373 38.622
-51.483 15.928 33.670
-52.077 13.785 34.221
-52.545 11.888 34.886
-53.055 10.490 34.905
-53.638 8.471 35.269
-54.050 6.739 35.783
-54.516 4.912 36.203
-55.042 3.273 36.193
-55.256 1.964 36.684
-55.645 0.185 36.989
-56.269 -2.083 36.896
-56.584 -3.926 37.182
-52.085 15.773 32.055
-52.301 14.584 32.719
-52.872 12.457 33.278
-53.642 10.177 33.428
-54.075 8.770 33.611
-54.777 6.469 33.829
-55.148 4.590 34.632
-55.583 3.111 34.738
-56.048 1.491 34.811
-56.391 -0.706 35.574
-56.519 -1.507 35.793
-56.837 -3.315 36.115
-52.303 16.242 30.775
-52.829 14.367 31.257
-53.538 12.138 31.412
-54.029 10.479 31.722
-54.639 8.427 32.065
-54.950 6.719 32.968
-55.476 5.100 32.976
-55.868 3.079 33.833
-56.589 1.073 33.419
-56.978 -0.588 33.641
-57.246 -2.299 34.155
-57.455 -3.810 34.603
-52.865 16.001 29.092
-53.439 14.143 29.316
-53.742 12.454 30.269
-54.317 10.454 30.653
-54.936 8.667 30.617
-55.493 6.451 31.273
-56.034 4.798 31.229
-56.393 2.916 32.151
-56.863 1.140 32.373
-57.388 -0.511 32.127
-57.774 -2.201 32.281
-58.139 -4.066 32.490
-53.315 15.980 27.312
-53.723 14.030 28.335
-54.078 12.417 29.006
-55.007 9.864 28.584
-55.477 8.062 29.110
-55.981 6.230 29.500
-56.440 4.216 30.299
-56.761 3.243 30.230
-57.279 1.015 30.896
-57.635 -0.462 31.116
-57.982 -2.084 31.398
-58.261 -3.687 31.753
-53.538 15.954 26.387
-54.208 13.953 26.334
-54.655 12.180 26.853
-55.083 10.534 27.268
-55.623 8.372 27.958
-56.092 6.486 28.599
-56.632 4.828 28.528
-57.111 2.867 29.175
-57.559 1.449 29.073
-58.236 -1.181 29.365
-58.477 -2.326 29.606
-54.000 15.747 24.532
-54.424 13.939 25.325
-54.975 12.467 24.825
-55.526 10.086 25.731
-56.000 8.192 26.334
-56.547 6.182 26.755
-57.075 4.524 26.700
-57.504 2.677 27.466
-57.992 1.096 27.364
-58.381 -0.741 28.081
-58.739 -2.062 28.042
-54.379 15.419 23.040
-54.776 14.011 23.374
-55.396 11.683 23.817
-55.750 10.037 24.579
-56.250 8.573 24.224
-56.726 6.690 24.801
-57.173 4.729 25.754
-57.892 2.415 25.657
-58.314 0.521 26.456
-58.762 -1.063 26.423
-59.141 -2.549 26.478
-54.781 15.029 21.346
-55.184 13.655 21.593
-55.563 12.004 22.315
-56.161 9.981 22.191
-56.538 8.245 23.029
-57.079 6.054 23.790
-57.614 4.311 23.737
-58.020 2.864 23.961
-58.473 0.968 24.607
-58.946 -0.721 24.606
-59.259 -2.455 25.586
info
numpoints 256
useRealRAS 1
